1000
0	11.9	0
1	11.855045	-1.464140436e-12
2	11.81018	1.318353076e-13
3	11.765405	-4.906179122e-13
4	11.72072	-1.675833161e-12
5	11.676125	-3.839728348e-13
6	11.63162	-2.639023302e-13
7	11.587205	6.454035382e-13
8	11.54288	-1.229100667e-12
9	11.498645	-1.121500643e-13
10	11.4545	6.677043524e-13
11	11.410445	-2.413852486e-12
12	11.36648	-1.256822208e-12
13	11.322605	2.231766619e-13
14	11.27882	8.797586939e-13
15	11.235125	-9.109910684e-13
16	11.19152	-6.15322717e-13
17	11.148005	4.897472255e-13
18	11.10458	1.30973749e-12
19	11.061245	-1.439666415e-12
20	11.018	-8.176028982e-13
21	10.974845	-8.55407553e-13
22	10.93178	-1.635542836e-12
23	10.888805	4.526447374e-13
24	10.84592	-6.22512904e-13
25	10.803125	-8.523180195e-13
26	10.76042	-2.41854296e-12
27	10.717805	-1.275190889e-12
28	10.67528	-3.013137716e-13
29	10.632845	5.779112756e-13
30	10.5905	-2.357033157e-12
31	10.548245	-7.377244151e-13
32	10.50608	6.982345602e-14
33	10.464005	-1.537239499e-12
34	10.42202	-2.144080043e-12
35	10.380125	-2.700813971e-13
36	10.33832	5.88696556e-14
37	10.296605	-2.463762495e-12
38	10.25498	-1.769460068e-13
39	10.213445	2.870457444e-13
40	10.172	-2.457471081e-12
41	10.130645	-3.029427983e-12
42	10.08938	-5.574641815e-13
43	10.048205	-2.703060904e-13
44	10.00712	-1.846529884e-12
45	9.966125	-1.438936162e-12
46	9.92522	-1.065945214e-12
47	9.884405	1.556001393e-13
48	9.84368	-2.364223344e-12
49	9.803045	-1.611051262e-12
50	9.7625	-8.167602981e-14
51	9.722045	-1.817432097e-12
52	9.68168	-2.071897306e-12
53	9.641405	-1.38433568e-12
54	9.60122	-7.35870695e-14
55	9.561125	-2.028194451e-12
56	9.52112	-1.549485286e-12
57	9.481205	-3.02212545e-13
58	9.44138	3.846750015e-13
59	9.401645	-1.642395983e-12
60	9.362	-7.537338157e-13
61	9.322445	-4.714066315e-13
62	9.28298	-2.34512441e-12
63	9.243605	-2.945954407e-12
64	9.20432	-7.366571217e-13
65	9.165125	4.791585518e-13
66	9.12602	-2.524205004e-12
67	9.087005	-8.110306179e-13
68	9.04808	-9.028178481e-13
69	9.009245	6.593626121e-13
70	8.9705	-2.382760545e-12
71	8.931845	-4.059085223e-13
72	8.89328	-9.320279826e-13
73	8.854805	-4.284789685e-12
74	8.81642	-1.418264375e-12
75	8.778125	9.639344371e-14
76	8.73992	1.574875634e-12
77	8.701805	-2.637675142e-12
78	8.66378	-1.688570465e-12
79	8.625845	-1.73058812e-12
80	8.588	9.491046766e-13
81	8.550245	-1.577796647e-12
82	8.51258	-1.137397697e-12
83	8.475005	1.365910826e-12
84	8.43752	-2.42107076e-12
85	8.400125	-1.933261514e-12
86	8.36282	-8.484420594e-13
87	8.325605	2.797432108e-13
88	8.28848	-1.726094253e-12
89	8.251445	-2.192557631e-12
90	8.2145	-8.421506458e-13
91	8.177645	1.543418566e-12
92	8.14088	-1.573976861e-12
93	8.104205	2.037968612e-13
94	8.06762	8.965264345e-14
95	8.031125	-3.190645456e-12
96	7.99472	-1.195593273e-12
97	7.958405	-5.61733355e-15
98	7.92218	1.700928599e-13
99	7.886045	-2.445337641e-12
100	7.85	-1.392199947e-12
101	7.814045	-1.11807407e-12
102	7.77818	1.156047245e-12
103	7.742405	-5.313997538e-13
104	7.70672	-2.168740137e-12
105	7.671125	-1.853720071e-13
106	7.63562	-1.81799383e-12
107	7.600205	-1.889671006e-12
108	7.56488	-9.061882482e-13
109	7.529645	-4.628682845e-14
110	7.4945	-1.21896138e-12
111	7.459445	-1.417590295e-12
112	7.42448	-1.30097445e-12
113	7.389605	5.797088223e-14
114	7.35482	-1.582065821e-12
115	7.320125	-1.114478976e-13
116	7.28552	6.803714395e-13
117	7.251005	-2.362875184e-12
118	7.21658	-2.286479448e-12
119	7.182245	-5.866743159e-13
120	7.148	8.223776317e-13
121	7.113845	-2.059539173e-12
122	7.07978	-1.848327431e-12
123	7.045805	-1.211097113e-13
124	7.01192	8.98773368e-13
125	6.978125	-1.662730731e-12
126	6.94442	-1.360742879e-12
127	6.910805	5.037624727e-13
128	6.87728	-1.90742178e-12
129	6.843845	-1.322095624e-12
130	6.8105	-1.05021668e-12
131	6.777245	1.067293374e-13
132	6.74408	-1.431521282e-12
133	6.711005	-1.146610124e-12
134	6.67802	1.120545696e-12
135	6.645125	1.604759848e-12
136	6.61232	-1.466798137e-12
137	6.579605	-4.554534042e-13
138	6.54698	3.172669989e-13
139	6.514445	-1.790805936e-12
140	6.482	-1.543418566e-12
141	6.449645	3.132225187e-13
142	6.41738	1.535104912e-12
143	6.385205	-9.659566772e-13
144	6.35312	-5.406121808e-13
145	6.321125	6.686873858e-13
146	6.28922	1.258058022e-12
147	6.257405	-1.188178392e-12
148	6.22568	-1.067742761e-12
149	6.194045	-8.623730466e-13
150	6.1625	-1.05089076e-12
151	6.131045	-3.909664151e-13
152	6.09968	1.936856608e-13
153	6.068405	4.83540072e-13
154	6.03722	-1.384560373e-12
155	6.006125	-1.359170026e-12
156	5.97512	-4.439940438e-13
157	5.944205	1.431296588e-12
158	5.91338	-1.647676277e-12
159	5.882645	-1.255361702e-12
160	5.852	6.071214101e-13
161	5.821445	-1.272438396e-12
162	5.79098	-9.542726234e-13
163	5.760605	-8.484420594e-13
164	5.73032	1.715533666e-12
165	5.700125	-1.109086336e-12
166	5.67002	-2.487579989e-12
167	5.640005	-4.017516955e-13
168	5.61008	1.671269078e-12
169	5.580245	-9.810111311e-13
170	5.5505	-1.076281108e-13
171	5.520845	-2.653628369e-13
172	5.49128	-1.682503745e-12
173	5.461805	-1.369955306e-12
174	5.43242	2.15480915e-13
175	5.403125	1.027747346e-12
176	5.37392	-2.146720189e-12
177	5.344805	-6.875616265e-14
178	5.31578	9.616875037e-13
179	5.286845	-1.449272056e-12
180	5.258	-1.522522085e-12
181	5.229245	-1.248845595e-12
182	5.20058	-6.048744766e-13
183	5.172005	-1.518926992e-12
184	5.14352	8.520371528e-13
185	5.115125	2.233451819e-13
186	5.08682	2.116611282e-13
187	5.058605	-1.453765923e-12
188	5.03048	1.932362741e-13
189	5.002445	3.100768119e-14
190	4.9745	-1.396693814e-12
191	4.946645	7.001444536e-13
192	4.91888	2.898544112e-13
193	4.891205	-5.060094062e-13
194	4.86362	-1.20750202e-12
195	4.836125	-3.604081206e-13
196	4.80872	-7.819328301e-14
197	4.781405	6.381290912e-14
198	4.75418	-1.194919193e-12
199	4.727045	-7.868760836e-13
200	4.7	-3.338943062e-13
201	3.61238483	-9.176476087e-13
202	3.14618	-1.059653801e-12
203	3.55874483	-4.022010822e-13
204	4.59272	9.437120364e-13
205	5.62678517	-1.72654364e-12
206	6.03962	-8.794497405e-13
207	5.57386517	8.605754998e-13
208	4.48688	-3.72541561e-13
209	3.399984815	-1.11537775e-12
210	2.9345	-1.009771879e-12
211	3.34778483	3.4557836e-13
212	4.38248	-1.513534352e-12
213	5.41726517	-1.30097445e-12
214	5.83082	-1.341419252e-12
215	5.36578517	-4.327593767e-13
216	4.27952	-1.182785752e-12
217	3.19334483	-7.513745356e-13
218	2.72858	-6.453192782e-13
219	3.14258483	-1.163911512e-13
220	4.178	-2.044709412e-13
221	5.21350517	1.932362741e-13
222	5.62778	-9.437120364e-15
223	5.16346517	-1.963819809e-12
224	4.07792	-1.29827813e-12
225	2.99246483	-1.175146179e-12
226	2.52842	-8.790003539e-13
227	2.94314483	-7.60811656e-13
228	3.97928	-8.313653654e-14
229	5.015505185	-1.604310462e-13
230	5.4305	3.828774547e-13
231	4.96690517	-1.463203043e-12
232	3.88208	-7.149742142e-13
233	2.797344815	5.392640208e-15
234	2.33402	-9.540479301e-13
235	2.74946483	-2.278390488e-13
236	3.78632	-6.637441322e-13
237	4.82326517	7.145248275e-14
238	5.23898	8.547334729e-13
239	4.77610517	-1.797546736e-15
240	3.692	-6.758775727e-13
241	2.60798483	-1.141442177e-12
242	2.14538	-4.444434305e-13
243	2.56154483	-7.26658268e-13
244	3.59912	-1.054710547e-12
245	4.63678517	-7.26658268e-13
246	5.05322	-1.30097445e-12
247	4.59106517	-2.471626762e-13
248	3.50768	6.021781565e-14
249	2.42438483	1.622285929e-13
250	1.9625	-1.133353217e-12
251	2.37938483	5.752149555e-14
252	3.41768	-3.505216135e-14
253	4.45606517	-6.695861591e-13
254	4.87322	-5.999312231e-13
255	4.41178517	1.653742997e-13
256	3.32912	3.887194816e-13
257	2.24654483	1.226825647e-13
258	1.78538	-6.453192782e-13
259	2.20298483	-1.025051026e-12
260	3.242	2.592961167e-13
261	4.28110517	5.572394881e-14
262	4.69898	1.118972843e-13
263	4.23826517	-1.125264257e-12
264	3.15632	4.147839093e-13
265	2.07446483	-2.471626762e-14
266	1.61402	-5.437578876e-13
267	2.03234483	1.56386566e-13
268	3.07208	-1.558922407e-12
269	4.11190517	4.714066315e-13
270	4.5305	3.446795866e-13
271	4.07050517	5.042118594e-13
272	2.98928	-5.504986879e-13
273	1.908144815	1.932362741e-14
274	1.44842	-4.075937224e-13
275	1.867464815	-1.766089668e-13
276	2.90792	-3.64003214e-14
277	3.94846517	-6.426229581e-14
278	4.36778	3.001903049e-13
279	3.90850517	-4.511842307e-13
280	2.828	1.946293728e-12
281	1.74758483	3.478252934e-13
282	1.28858	-3.316473728e-13
283	1.70834483	2.201994751e-14
284	2.74952	-7.342978416e-13
285	3.79078517	1.496457658e-13
286	4.21082	-1.64924913e-13
287	3.75226517	2.24693342e-14
288	2.67248	1.491963791e-13
289	1.59278483	1.002132305e-13
290	1.1345	8.538346996e-15
291	1.55498483	5.397134075e-13
292	2.59688	8.40353099e-14
293	3.638865185	1.357147786e-13
294	4.05962	-8.102441912e-13
295	3.60178517	-1.060552574e-13
296	2.52272	7.563177891e-13
297	1.44374483	-4.484879106e-13
298	0.98618	1.972807543e-13
299	1.40738483	6.417241847e-13
300	2.45	-1.981795276e-13
301	3.49270517	-6.32736451e-13
302	3.91418	8.008070708e-13
303	3.45706517	1.089313322e-12
304	2.37872	-3.02886625e-13
305	1.30046483	-3.37040013e-14
306	0.84362	2.435675827e-13
307	1.26554483	6.637441322e-13
308	2.30888	1.452867149e-12
309	3.35230517	6.596996521e-13
310	3.7745	-8.142886714e-13
311	3.318105185	-2.637899835e-13
312	2.24048	1.127960577e-12
313	1.16294483	5.482517545e-13
314	0.70682	8.102441912e-13
315	1.12946483	8.264221118e-13
316	2.17352	4.341075367e-13
317	3.21766517	-5.248836469e-13
318	3.64058	2.026733945e-13
319	3.18490517	1.005278012e-12
320	2.108	5.783606623e-13
321	1.03118483	1.648799744e-12
322	0.57578	1.172899245e-12
323	0.99914483	5.78810049e-13
324	2.04392	1.082572522e-12
325	3.08878517	1.155822551e-12
326	3.51242	9.693270773e-13
327	3.057465185	-5.322985272e-13
328	1.98128	1.014939826e-12
329	0.90518483	1.927194794e-12
330	0.4505	1.882031432e-12
331	0.87458483	1.55982118e-12
332	1.92008	-1.662730731e-13
333	2.96566517	1.607905555e-12
334	3.39002	9.956161984e-13
335	2.93578517	8.715854736e-13
336	1.86032	-5.54543168e-13
337	0.78494483	2.08290728e-13
338	0.33098	5.469035944e-13
339	0.75578483	1.247048048e-12
340	1.802	2.021341305e-12
341	2.84830517	2.137732456e-12
342	3.27338	-6.408254114e-13
343	2.81986517	7.954144306e-14
344	1.74512	1.309512797e-12
345	0.67046483	5.320738338e-13
346	0.21722	1.12077039e-12
347	0.64274483	-1.673965398e-13
348	1.68968	2.082457894e-12
349	2.73670517	8.740571003e-13
350	3.1625	2.165369737e-12
351	2.70970517	1.608804329e-13
352	1.63568	1.520050459e-12
353	0.56174483	-1.100997376e-13
354	0.10922	-2.610936634e-13
355	0.53546483	-6.071214101e-13
356	1.58312	9.129290485e-13
357	2.63086517	1.617342676e-12
358	3.05738	2.885062511e-13
359	2.60530517	6.253215708e-13
360	1.532	-6.945271201e-13
361	0.45878483	4.361297768e-13
362	0.00698	1.166383138e-12
363	0.43394483	4.435446571e-13
364	1.48232	1.945844342e-13
365	2.53078517	1.471966083e-12
366	2.95802	8.581038731e-13
367	2.50666517	2.721036371e-13
368	1.43408	-5.819557558e-14
369	0.36158483	-4.15907376e-13
370	-0.0895	8.354098455e-13
371	0.33818483	5.381405541e-13
372	1.38728	2.370514758e-12
373	2.43646517	1.016512679e-12
374	2.86442	4.035492422e-13
375	2.41378517	1.263900049e-12
376	1.34192	3.253559592e-13
377	0.27014483	1.5591471e-12
378	-0.18022	1.125713643e-13
379	0.24818483	6.682379991e-13
380	1.298	9.369712361e-14
381	2.34790517	9.340502226e-13
382	2.77658	7.86426697e-13
383	2.32666517	1.614421662e-12
384	1.25552	1.433318829e-12
385	0.18446483	3.152447588e-13
386	-0.26518	3.390622531e-13
387	0.16394483	-1.054036467e-12
388	1.21448	2.385793905e-12
389	2.26510517	1.7346326e-12
390	2.6945	9.980878251e-13
391	2.24530517	1.686548225e-12
392	1.17488	3.074703692e-12
393	0.10454483	8.358592322e-13
394	-0.34438	1.317826451e-12
395	0.08546483	2.06942568e-13
396	1.13672	-1.303221384e-14
397	2.18806517	2.905284912e-13
398	2.61818	1.757326628e-12
399	2.16970517	1.859337405e-12
400	1.1	7.414880286e-13
401	1.091045	-2.24693342e-16
402	1.08218	1.682054358e-12
403	1.073405	3.999541487e-13
404	1.06472	7.718216297e-13
405	1.056125	7.53621469e-13
406	1.04762	4.028751622e-13
407	1.039205	2.876074777e-13
408	1.03088	6.273438108e-13
409	1.022645	8.810225939e-13
410	1.0145	7.554190158e-13
411	1.006445	-4.49386684e-14
412	0.99848	8.655187533e-13
413	0.990605	8.713607802e-13
414	0.98282	9.304551292e-13
415	0.975125	-1.094256575e-13
416	0.96752	1.369955306e-12
417	0.960005	1.243677648e-12
418	0.95258	-1.638014463e-13
419	0.945245	-1.514433125e-13
420	0.938	1.30299669e-12
421	0.930845	9.630356638e-13
422	0.92378	3.572624138e-14
423	0.916805	-1.131780364e-12
424	0.90992	1.972807543e-13
425	0.903125	2.665087729e-12
426	0.89642	1.611275955e-12
427	0.889805	-5.169070332e-13
428	0.88328	2.887309445e-14
429	0.876845	3.4625244e-13
430	0.8705	-2.289625155e-13
431	0.864245	4.020887355e-13
432	0.85808	1.194694499e-12
433	0.852005	5.048859394e-13
434	0.84602	4.41522417e-13
435	0.840125	2.080660347e-13
436	0.83432	1.460057336e-12
437	0.828605	-2.963705181e-13
438	0.82298	-4.542175908e-13
439	0.817445	3.759119611e-13
440	0.812	1.187616659e-12
441	0.806645	7.08907494e-14
442	0.80138	1.421073041e-12
443	0.796205	1.247385088e-12
444	0.79112	1.143801457e-12
445	0.786125	2.799679041e-13
446	0.78122	8.878757409e-13
447	0.776405	7.28006428e-14
448	0.77168	7.900217904e-13
449	0.767045	1.674414785e-12
450	0.7625	7.748549898e-13
451	0.758045	-3.811922547e-13
452	0.75368	8.268714985e-13
453	0.749405	3.916404951e-13
454	0.74522	2.865963577e-13
455	0.741125	-1.542070406e-12
456	0.73712	1.718904066e-14
457	0.733205	1.016063292e-12
458	0.72938	1.942361595e-12
459	0.725645	2.375008625e-13
460	0.722	7.272200013e-13
461	0.718445	1.13694831e-13
462	0.71498	1.126724763e-12
463	0.711605	4.679238847e-13
464	0.70832	-5.773495422e-13
465	0.705125	5.780236223e-14
466	0.70202	6.517792118e-13
467	0.699005	8.576544864e-13
468	0.69608	-2.790129574e-13
469	0.693245	1.027241786e-12
470	0.6905	1.414219894e-12
471	0.687845	-1.039206707e-14
472	0.68528	7.471053621e-14
473	0.682805	5.710019553e-13
474	0.68042	-4.320852966e-13
475	0.678125	3.823157214e-13
476	0.67592	1.340351958e-12
477	0.673805	-1.192559913e-13
478	0.67178	1.426971242e-12
479	0.669845	-9.886507048e-13
480	0.668	5.676315552e-13
481	0.666245	1.13020751e-13
482	0.66458	-4.499484173e-13
483	0.663005	3.943368152e-14
484	0.66152	1.310102617e-12
485	0.660125	7.039642405e-13
486	0.65882	-1.111670309e-13
487	0.657605	-7.009870537e-13
488	0.65648	-5.881629093e-13
489	0.655445	5.165980799e-13
490	0.6545	1.000194325e-12
491	0.653645	-1.400401254e-13
492	0.65288	6.49981665e-13
493	0.652205	-3.369838396e-13
494	0.65162	8.13853328e-13
495	0.651125	-3.827791514e-13
496	0.65072	6.698810691e-13
497	0.650405	3.416743132e-14
498	0.65018	-4.546108042e-13
499	0.650045	-1.024636748e-14
500	0.65	3.389369956e-13
501	0.650045	-5.912419103e-13
502	0.65018	9.17851237e-13
503	0.650405	-3.175408439e-13
504	0.65072	1.281018873e-12
505	0.651125	-9.480654699e-14
506	0.65162	-3.582875771e-13
507	0.652205	-1.246907615e-13
508	0.65288	5.879943893e-14
509	0.653645	-3.953760219e-13
510	0.6545	1.081336708e-14
511	0.655445	-7.157887276e-13
512	0.65648	1.458737263e-12
513	0.657605	1.56538234e-12
514	0.65882	1.164501332e-12
515	0.660125	9.173105687e-14
516	0.66152	-6.335509644e-13
517	0.663005	1.920088867e-12
518	0.66458	1.342823585e-12
519	0.666245	6.610478121e-13
520	0.668	-4.926401523e-14
521	0.669845	1.802602336e-12
522	0.67178	-8.878757409e-13
523	0.673805	8.492846594e-13
524	0.67592	-3.825404147e-13
525	0.678125	1.306760304e-12
526	0.68042	1.22401698e-12
527	0.682805	2.284007821e-13
528	0.68528	9.985372118e-13
529	0.687845	9.598337836e-13
530	0.6905	-5.079192996e-13
531	0.693245	1.047070974e-13
532	0.69608	7.067729072e-13
533	0.699005	-5.360621407e-13
534	0.70202	-4.606213511e-14
535	0.705125	5.1819902e-13
536	0.70832	1.087515775e-12
537	0.711605	2.084030747e-13
538	0.71498	-2.06942568e-13
539	0.718445	6.102671168e-13
540	0.722	-4.427582304e-13
541	0.725645	3.716427876e-13
542	0.72938	-1.412984081e-12
543	0.733205	-5.544308214e-13
544	0.73712	6.532958918e-13
545	0.741125	2.612621834e-12
546	0.74522	1.332094478e-12
547	0.749405	9.122549685e-14
548	0.75368	1.142565644e-13
549	0.758045	1.144363191e-12
550	0.7625	-1.83012727e-13
551	0.767045	-9.928075316e-13
552	0.77168	3.276028926e-13
553	0.776405	6.171202638e-13
554	0.78122	1.006738519e-12
555	0.786125	8.559692863e-13
556	0.79112	-1.703175532e-13
557	0.796205	-5.472406344e-13
558	0.80138	-7.36207735e-13
559	0.806645	7.60811656e-13
560	0.812	-2.272773154e-13
561	0.817445	6.026275432e-13
562	0.82298	1.542744486e-12
563	0.828605	1.367258986e-12
564	0.83432	-9.327020626e-13
565	0.840125	3.769230812e-13
566	0.84602	4.514089241e-13
567	0.852005	1.094818309e-12
568	0.85808	-2.973816381e-13
569	0.864245	7.278940814e-13
570	0.8705	1.366247866e-12
571	0.876845	5.412862609e-13
572	0.88328	4.971340192e-13
573	0.889805	1.104817163e-12
574	0.89642	-1.104367776e-12
575	0.903125	-1.20008714e-12
576	0.90992	5.437578876e-13
577	0.916805	1.98201997e-12
578	0.92378	6.907073333e-13
579	0.930845	-3.015384649e-13
580	0.938	-3.696205476e-13
581	0.945245	5.904941027e-13
582	0.95258	5.363430073e-13
583	0.960005	-4.028751622e-13
584	0.96752	-6.956505868e-13
585	0.975125	7.718216297e-13
586	0.98282	1.303221384e-14
587	0.990605	1.260529649e-13
588	0.99848	-5.61733355e-15
589	1.006445	6.001559165e-13
590	1.0145	-1.011120039e-13
591	1.022645	-2.997409182e-13
592	1.03088	1.040330173e-13
593	1.039205	6.716083992e-13
594	1.04762	5.985830631e-13
595	1.056125	6.695861591e-14
596	1.06472	9.468577431e-13
597	1.073405	3.237831058e-13
598	1.08218	-1.172449858e-12
599	1.091045	5.63081515e-13
600	1.1	5.46004821e-14
601	2.16970517	-1.040554867e-12
602	2.61818	-1.160091725e-12
603	2.18806517	2.460392095e-13
604	1.13672	1.46904507e-12
605	0.08546483	6.0442509e-13
606	-0.34438	-4.334334567e-13
607	0.10454483	-7.414880286e-15
608	1.17488	-2.185816831e-12
609	2.24530517	-8.264221118e-13
610	2.6945	-3.770354279e-13
611	2.26510517	-1.083695988e-12
612	1.21448	-1.686098838e-12
613	0.16394483	1.652394837e-12
614	-0.26518	3.051335584e-13
615	0.18446483	5.792594356e-13
616	1.25552	-7.473300555e-13
617	2.32666517	-7.572165625e-14
618	2.77658	-7.475547488e-13
619	2.34790517	-3.12773132e-13
620	1.298	-2.543528631e-13
621	0.24818483	3.595093472e-14
622	-0.18022	-2.604195834e-13
623	0.27014483	-7.214903211e-13
624	1.34192	-3.813046014e-13
625	2.41378517	2.887309445e-13
626	2.86442	-3.979319087e-13
627	2.43646517	-5.311750605e-13
628	1.38728	-2.484209589e-12
629	0.33818483	4.651152179e-14
630	-0.0895	-9.87527238e-13
631	0.36158483	1.205929166e-12
632	1.43408	-4.538805508e-14
633	2.50666517	3.595093472e-13
634	2.95802	-8.684397668e-13
635	2.53078517	-8.338369921e-13
636	1.48232	-2.615430501e-13
637	0.43394483	2.044709412e-14
638	0.00698	-1.289290396e-12
639	0.45878483	3.514203869e-13
640	1.532	6.527341585e-13
641	2.60530517	-4.943253524e-15
642	3.05738	1.824509937e-13
643	2.63086517	-1.017636146e-12
644	1.58312	-3.923145751e-13
645	0.53546483	1.145486657e-12
646	0.10922	1.207052633e-12
647	0.56174483	7.183446143e-13
648	1.63568	-7.565424825e-13
649	2.70970517	3.327708395e-13
650	3.1625	-1.251541915e-12
651	2.73670517	-1.98404221e-13
652	1.68968	-1.686548225e-12
653	0.64274483	1.247048048e-12
654	0.21722	-3.415338798e-13
655	0.67046483	-2.507577697e-13
656	1.74512	-5.949879696e-13
657	2.81986517	-1.842485404e-13
658	3.27338	1.200985913e-12
659	2.84830517	-1.334004371e-12
660	1.802	-1.609029022e-12
661	0.75578483	-4.943253524e-13
662	0.33098	1.181886979e-13
663	0.78494483	5.826298358e-13
664	1.86032	1.836643377e-12
665	2.93578517	-1.507692325e-13
666	3.39002	3.031113183e-13
667	2.96566517	-4.839894586e-13
668	1.92008	6.495884517e-13
669	0.87458483	-4.383767102e-13
670	0.4505	-1.103693696e-12
671	0.90518483	-9.479812099e-13
672	1.98128	-1.170652312e-13
673	3.057465185	1.711938573e-12
674	3.51242	-1.242554181e-13
675	3.08878517	-9.100080351e-13
676	2.04392	-1.188627779e-12
677	0.99914483	5.185922333e-13
678	0.57578	1.617792062e-13
679	1.03118483	-1.247048048e-12
680	2.108	-5.738667954e-13
681	3.18490517	-6.992456803e-13
682	3.64058	8.677656868e-13
683	3.21766517	9.477565165e-13
684	2.17352	-3.105261986e-13
685	1.12946483	-7.217150145e-13
686	0.70682	-3.96808442e-13
687	1.16294483	3.595093472e-13
688	2.24048	-7.7788835e-13
689	3.318105185	8.812472873e-13
690	3.7745	1.283897756e-12
691	3.35230517	-7.428361886e-13
692	2.30888	-8.556322463e-13
693	1.26554483	-1.163911512e-13
694	0.84362	7.190186944e-13
695	1.30046483	2.098635814e-13
696	2.37872	1.793052869e-13
697	3.45706517	-1.120321003e-12
698	3.91418	-6.111658902e-14
699	3.49270517	6.529588518e-13
700	2.45	2.395231026e-13
701	1.40738483	-4.057961756e-13
702	0.98618	1.752608068e-13
703	1.44374483	7.990095241e-13
704	2.52272	-1.339172318e-13
705	3.60178517	3.770354279e-13
706	4.05962	1.022804093e-12
707	3.638865185	-2.426688093e-13
708	2.59688	6.336352244e-14
709	1.55498483	5.352195406e-13
710	1.1345	3.806305213e-13
711	1.59278483	4.637670579e-13
712	2.67248	-1.262776582e-13
713	3.75226517	8.192319249e-13
714	4.21082	4.026504688e-13
715	3.79078517	4.808437519e-13
716	2.74952	4.318606033e-13
717	1.70834483	4.84888232e-13
718	1.28858	6.992456803e-13
719	1.74758483	1.945844342e-13
720	2.828	-1.765190895e-12
721	3.90850517	1.026848573e-12
722	4.36778	-2.363773958e-13
723	3.94846517	3.62655054e-13
724	2.90792	-4.538805508e-14
725	1.867464815	7.756414165e-13
726	1.44842	6.021781565e-13
727	1.908144815	1.199862446e-13
728	2.98928	4.538805508e-13
729	4.07050517	3.729909477e-14
730	4.5305	-7.248607213e-13
731	4.11190517	-4.305124433e-13
732	3.07208	1.589480701e-12
733	2.03234483	7.999082975e-14
734	1.61402	6.659910657e-13
735	2.07446483	5.783606623e-13
736	3.15632	-8.250739518e-13
737	4.23826517	1.332431518e-12
738	4.69898	-8.479926727e-13
739	4.28110517	-2.179525417e-13
740	3.242	-5.271305803e-13
741	2.20298483	9.630356638e-13
742	1.78538	7.086828006e-13
743	2.24654483	3.819786814e-14
744	3.32912	-6.579021053e-13
745	4.41178517	-3.172669989e-13
746	4.87322	6.277931975e-13
747	4.45606517	4.075937224e-13
748	3.41768	-2.700813971e-13
749	2.37938483	1.303221384e-13
750	1.9625	1.337824158e-12
751	2.42438483	-7.28006428e-14
752	3.50768	4.332087634e-13
753	4.59106517	2.080660347e-13
754	5.05322	1.009771879e-12
755	4.63678517	1.613298195e-13
756	3.59912	1.126612417e-12
757	2.56154483	6.695861591e-13
758	2.14538	3.464771333e-13
759	2.60798483	8.763040338e-13
760	3.692	1.236262768e-12
761	4.77610517	-8.6596814e-13
762	5.23898	-5.985830631e-13
763	4.82326517	1.190874713e-13
764	3.78632	7.981107507e-13
765	2.74946483	2.022240078e-13
766	2.33402	9.5135161e-13
767	2.797344815	-2.525553164e-13
768	3.88208	8.331629121e-13
769	4.96690517	1.003480465e-12
770	5.4305	-5.087057263e-13
771	5.015505185	-6.426229581e-14
772	3.97928	-2.390737159e-13
773	2.94314483	6.210523973e-13
774	2.52842	1.077179881e-12
775	2.99246483	8.026046176e-13
776	4.07792	1.073135401e-12
777	5.16346517	1.510388645e-12
778	5.62778	-5.779112756e-13
779	5.21350517	-3.89618255e-13
780	4.178	2.682838503e-13
781	3.14258483	-1.941350475e-13
782	2.72858	5.95886743e-13
783	3.19334483	-3.954602819e-14
784	4.27952	5.473529811e-13
785	5.36578517	-7.369941617e-14
786	5.83082	8.48891446e-13
787	5.41726517	5.082563396e-13
788	4.38248	1.000784145e-12
789	3.34778483	-5.140983665e-13
790	2.9345	8.794497405e-13
791	3.399984815	1.512186192e-12
792	4.48688	-4.147839093e-13
793	5.57386517	-1.462753656e-12
794	6.03962	4.314112166e-13
795	5.62678517	1.46365243e-12
796	4.59272	-1.395345654e-12
797	3.55874483	8.255233385e-13
798	3.14618	8.803485139e-13
799	3.61238483	1.045722814e-12
800	4.7	-4.547793242e-13
801	4.727045	7.69350003e-13
802	4.75418	1.178741272e-12
803	4.781405	-4.75001725e-13
804	4.80872	-8.933807277e-13
805	4.836125	3.168176122e-13
806	4.86362	7.068852539e-13
807	4.891205	4.907302589e-13
808	4.91888	-1.079876202e-12
809	4.946645	-8.772028071e-13
810	4.9745	1.340520478e-12
811	5.002445	6.170079171e-13
812	5.03048	-6.259956508e-13
813	5.058605	7.396904818e-13
814	5.08682	-9.410157162e-13
815	5.115125	-5.046612461e-13
816	5.14352	-1.553979153e-12
817	5.172005	1.397592587e-12
818	5.20058	9.037166215e-13
819	5.229245	9.774160377e-13
820	5.258	5.064587928e-13
821	5.286845	1.103244309e-12
822	5.31578	-8.309159787e-13
823	5.344805	2.876074777e-13
824	5.37392	9.154006753e-13
825	5.403125	-1.511287418e-12
826	5.43242	-5.567901014e-13
827	5.461805	1.725644866e-12
828	5.49128	1.497131738e-12
829	5.520845	-3.507463068e-13
830	5.5505	-2.808666775e-14
831	5.580245	1.028421426e-12
832	5.61008	-1.889221619e-12
833	5.640005	2.68059157e-13
834	5.67002	2.565323885e-12
835	5.700125	7.835056835e-13
836	5.73032	-2.356359077e-12
837	5.760605	-3.123237454e-14
838	5.79098	1.11942223e-12
839	5.821445	1.540497553e-12
840	5.852	-1.528588806e-12
841	5.882645	7.412633352e-13
842	5.91338	2.17300931e-12
843	5.944205	-1.095380042e-12
844	5.97512	3.97482522e-13
845	6.006125	1.258282715e-13
846	6.03722	9.996606785e-13
847	6.068405	-5.785853556e-13
848	6.09968	-7.241866412e-13
849	6.131045	3.687217742e-13
850	6.1625	5.417356475e-13
851	6.194045	2.914272646e-13
852	6.22568	2.696320104e-13
853	6.257405	9.814605178e-13
854	6.28922	-1.027747346e-12
855	6.321125	-1.871695539e-13
856	6.35312	-1.100997376e-12
857	6.385205	4.109641225e-13
858	6.41738	-1.198963673e-12
859	6.449645	3.067064118e-13
860	6.482	1.05089076e-12
861	6.514445	1.056283401e-12
862	6.54698	-8.666422201e-13
863	6.579605	2.078413413e-13
864	6.61232	4.988192192e-13
865	6.645125	-1.669471531e-12
866	6.67802	-2.064482426e-12
867	6.711005	8.57429793e-13
868	6.74408	5.482517545e-13
869	6.777245	-2.952470514e-13
870	6.8105	1.197615513e-12
871	6.843845	7.794612034e-13
872	6.87728	4.718560182e-14
873	6.910805	-1.076281108e-12
874	6.94442	1.282774289e-12
875	6.978125	2.492747936e-12
876	7.01192	-1.216714447e-12
877	7.045805	-1.071562548e-12
878	7.07978	1.46904507e-12
879	7.113845	2.087401147e-12
880	7.148	-1.274910022e-12
881	7.182245	5.370170874e-13
882	7.21658	1.56386566e-12
883	7.251005	2.021790691e-12
884	7.28552	-1.513309658e-12
885	7.320125	-4.505101507e-13
886	7.35482	1.743170947e-12
887	7.389605	-1.063922974e-12
888	7.42448	-1.966066742e-13
889	7.459445	5.127502064e-13
890	7.4945	1.336925385e-12
891	7.529645	6.161091437e-13
892	7.56488	-1.014265746e-12
893	7.600205	7.401398685e-13
894	7.63562	1.351979839e-12
895	7.671125	3.154694522e-13
896	7.70672	1.254013542e-12
897	7.742405	1.022354706e-13
898	7.77818	-1.720701613e-12
899	7.814045	-7.711475497e-13
900	7.85	4.388260969e-13
901	7.886045	2.06807752e-12
902	7.92218	6.547563986e-13
903	7.958405	-2.475895935e-12
904	7.99472	-6.284672775e-13
905	8.031125	2.321531609e-12
906	8.06762	-5.684741552e-14
907	8.104205	-9.666307572e-13
908	8.14088	-3.64677294e-13
909	8.177645	-2.33096873e-12
910	8.2145	6.035263166e-13
911	8.251445	1.056957481e-12
912	8.28848	9.030425415e-13
913	8.325605	-1.762045188e-12
914	8.36282	1.03808324e-13
915	8.400125	3.379387864e-13
916	8.43752	1.451518989e-12
917	8.475005	-1.662506037e-12
918	8.51258	1.778223109e-12
919	8.550245	-5.114020464e-13
920	8.588	-2.69542133e-12
921	8.625845	1.325466024e-12
922	8.66378	1.754630308e-12
923	8.701805	1.615994516e-12
924	8.73992	-3.305688447e-12
925	8.778125	-8.165356048e-13
926	8.81642	1.141666871e-12
927	8.854805	3.137168441e-12
928	8.89328	4.958982058e-13
929	8.931845	-1.185482072e-12
930	8.9705	1.817881483e-12
931	9.009245	-2.43387828e-12
932	9.04808	2.650257969e-13
933	9.087005	8.367580056e-13
934	9.12602	2.924271499e-12
935	9.165125	-2.786197441e-12
936	9.20432	-9.668554506e-13
937	9.243605	2.155258536e-12
938	9.28298	2.93337158e-12
939	9.322445	-1.166158445e-13
940	9.362	-1.105940629e-12
941	9.401645	9.785395044e-13
942	9.44138	-6.967740535e-13
943	9.481205	-8.758546471e-13
944	9.52112	1.177056072e-12
945	9.561125	4.629806312e-13
946	9.60122	-6.711590125e-13
947	9.641405	-3.80742868e-13
948	9.68168	1.185257379e-12
949	9.722045	1.489155124e-12
950	9.7625	-1.11504071e-12
951	9.803045	-1.12414079e-12
952	9.84368	9.065252883e-13
953	9.884405	-7.298039748e-13
954	9.92522	1.518702299e-12
955	9.966125	-1.290413863e-12
956	10.00712	-2.07279608e-13
957	10.048205	-1.066619294e-12
958	10.08938	5.683618086e-13
959	10.130645	1.445227576e-12
960	10.172	1.779908309e-12
961	10.213445	-1.691379132e-12
962	10.25498	-3.669242275e-13
963	10.296605	8.948412345e-13
964	10.33832	-9.674171839e-13
965	10.380125	2.885624244e-13
966	10.42202	1.245643715e-12
967	10.464005	-8.252986451e-13
968	10.50608	-1.589705395e-12
969	10.548245	4.023696022e-13
970	10.5905	2.997521529e-12
971	10.632845	-3.576275404e-12
972	10.67528	-1.292155236e-12
973	10.717805	3.904046817e-14
974	10.76042	2.51521727e-12
975	10.803125	-1.362765119e-13
976	10.84592	2.631159035e-13
977	10.888805	-1.945900515e-12
978	10.93178	1.785132429e-12
979	10.974845	-6.529588518e-13
980	11.018	5.667327818e-13
981	11.061245	1.717162693e-12
982	11.10458	-2.436349907e-12
983	11.148005	-2.67562023e-12
984	11.19152	-6.178505171e-13
985	11.235125	5.590932082e-13
986	11.27882	-4.650871312e-13
987	11.322605	-2.861104584e-12
988	11.36648	-8.494531794e-13
989	11.410445	1.634868756e-12
990	11.4545	-9.658443305e-13
991	11.498645	-1.276230096e-12
992	11.54288	-8.694087568e-13
993	11.587205	-2.155721966e-12
994	11.63162	-1.89823744e-13
995	11.676125	-9.657600705e-13
996	11.72072	6.597628471e-13
997	11.765405	1.120580805e-12
998	11.81018	-1.124706034e-12
999	11.855045	-8.03533233e-13
